atax:0.003583:0.003540:0.003586:0.003575:0.003566
bicg:0.010475:0.010552:0.010546:0.010511:0.010485
gemver:0.017320:0.017592:0.017533:0.017416:0.017284
gesummv:0.008575:0.008689:0.008659:0.008600:0.008689
mvt:0.015469:0.015396:0.015356:0.015424:0.015325
2mm:1.233348:1.233351:1.239404:1.231265:1.260215
3mm:2.290505:2.118873:2.031240:2.026208:2.203439
gemm:0.138445:0.148588:0.151625:0.161082:0.209859
conv2d-nchw:3.209937:3.208301:3.286323:3.212406:3.209180
ab-acd-dbc:2.861493:2.169228:1.860021:2.137769:3.403425
ab-cad-dcb:16.691029:16.506612:16.461527:16.630085:16.607016
abc-acd-db:6.000301:5.942819:5.945435:5.919159:5.955363
abc-ad-bdc:0.808622:0.809720:0.809168:0.807776:0.810163
abc-bda-dc:17.060580:17.026272:17.087342:17.036939:16.780865
abcd-aebf-dfce:2.319389:2.329221:2.722235:2.320471:2.302414
abcd-aebf-fdec:2.494533:2.467269:2.597579:2.502674:2.580993
