atax:0.009372:0.008910:0.008869:0.008905:0.008789
bicg:0.006755:0.006382:0.006431:0.006353:0.006469
gemver:0.011617:0.011713:0.011658:0.011888:0.011705
gesummv:0.004041:0.003934:0.004013:0.003866:0.003935
mvt:0.008203:0.008031:0.008078:0.008413:0.008242
2mm:1.218501:1.221962:1.225155:1.201077:1.240613
3mm:2.055924:2.056856:2.027011:2.018760:2.020208
gemm:0.632124:0.644100:0.628888:0.627271:0.625119
conv2d-nchw:2.987838:2.996768:2.995522:2.989229:2.987033
ab-acd-dbc:0.448799:0.427238:0.420190:0.432903:0.449893
ab-cad-dcb:0.416648:0.415433:0.417261:0.416238:0.416307
abc-acd-db:14.015986:15.244754:13.645545:14.049610:14.012449
abc-ad-bdc:0.449280:0.459586:0.475585:0.448123:0.462736
abc-bda-dc:0.414922:0.416096:0.415658:0.415131:0.413990
abcd-aebf-dfce:0.415551:0.414867:0.416948:0.414446:0.415096
abcd-aebf-fdec:0.415501:0.416985:0.414158:0.413680:0.415168
