atax:0.004120:0.003784:0.004051:0.009783:0.003706
bicg:0.004017:0.005504:0.004061:0.003967:0.004023
gemver:0.005317:0.005958:0.011937:0.005304:0.005366
gesummv:0.005246:0.002660:0.003471:0.004082:0.004680
mvt:0.006536:0.003777:0.004066:0.016010:0.004359
2mm:0.056006:0.056265:0.056108:0.055779:0.055958
3mm:0.089252:0.089520:0.089832:0.089130:0.088084
gemm:0.043979:0.043739:0.043744:0.046603:0.043784
conv2d-nchw:0.448:0.441:0.44:0.445:0.44
ab-acd-dbc:0.041939:0.041506:0.041390:0.041780:0.042009
ab-cad-dcb:0.042871:0.042951:0.042382:0.042789:0.042974
abc-acd-db:0.042661:0.042763:0.042222:0.042747:0.042554
abc-ad-bdc:0.041451:0.041322:0.041621:0.041285:0.040936
abc-bda-dc:0.041993:0.042148:0.042143:0.042192:0.042278
abcd-aebf-dfce:0.046418:0.045878:0.050319:0.045623:0.045426
abcd-aebf-fdec:0.044510:0.045018:0.045002:0.044916:0.044617
