atax:0.006668:0.006680:0.006658:0.006632:0.006729
bicg:0.006890:0.006733:0.006701:0.006864:0.006737
gemver:0.017769:0.017848:0.017640:0.017858:0.018205
gesummv:0.003733:0.003713:0.003749:0.003726:0.003746
mvt:0.023084:0.023267:0.023381:0.023264:0.023333
2mm:0.673266:0.665865:0.665848:0.661694:0.670752
3mm:1.495403:1.504581:1.512033:1.525864:1.502570
gemm:0.258775:0.257888:0.257615:0.257333:0.258018
conv2d-nchw:3.196084:3.204736:3.205609:3.195314:3.197317
ab-acd-dbc:2.396537:3.718140:1.886868:2.758950:2.649089
ab-cad-dcb:16.406161:16.625057:16.527179:16.443394:16.531404
abc-acd-db:2.606094:2.617662:2.613394:2.611498:2.630247
abc-ad-bdc:0.808465:0.807351:0.807681:0.805503:0.806410
abc-bda-dc:0.216163:0.213637:0.216100:0.212794:0.216087
abcd-aebf-dfce:2.305474:2.305232:2.297156:2.312359:2.308106
abcd-aebf-fdec:2.561868:2.567430:2.679058:2.669387:2.503039
