dynprog_loops_6:55.486467:56.357007:54.915789:56.439992:55.879929
dynprog_loops_6:15.482519:15.109158:15.577397:15.459378:15.628703
