dynprog_loops_4:1.960800:1.976169:1.974283:1.969225:1.971569
dynprog_loops_4:0.309617:0.310159:0.310299:0.310699:0.309517
