dynprog_loops_5:15.726291:15.716273:15.751667:15.743937:15.636706
dynprog_loops_5:4.785947:4.782027:4.766776:4.770919:4.768232
