dynprog_loops_6:82.555767:83.674038:83.326133:83.461299:83.676007
dynprog_loops_6:22.923885:22.506531:22.920240:22.279822:22.610944
