dynprog_loops_5:23.270477:23.290397:23.406804:23.159564:23.136288
dynprog_loops_5:6.542580:6.536831:6.544553:6.542380:6.553985
