dynprog_loops_4:2.710592:2.712315:2.721053:2.708203:2.713275
dynprog_loops_4:0.435892:0.436961:0.436654:0.436273:0.438333
