atax:0.050230:0.008325:0.008579:0.007860:0.008334
bicg:0.008526:0.008676:0.008434:0.008355:0.008291
gemver:0.009846:0.010010:0.010152:0.009615:0.009903
gesummv:0.006343:0.006801:0.006808:0.006599:0.006768
mvt:0.007776:0.007930:0.008124:0.008263:0.008195
2mm:0.086689:0.087278:0.086717:0.086855:0.086012
3mm:0.108520:0.110356:0.108361:0.110803:0.110469
gemm:0.033580:0.033514:0.033753:0.032323:0.032675
conv2d-nchw:0.344:0.341:0.342:0.345:0.341
ab-acd-dbc:0.043475:0.042717:0.043223:0.042318:0.042105
ab-cad-dcb:0.042104:0.041885:0.041323:0.041229:0.041744
abc-acd-db:0.041197:0.041217:0.040920:0.041424:0.040633
abc-ad-bdc:0.039052:0.040589:0.039774:0.040188:0.039751
abc-bda-dc:0.043402:0.043932:0.043355:0.043893:0.043063
abcd-aebf-dfce:0.047455:0.047293:0.047114:0.046991:0.047574
abcd-aebf-fdec:0.048005:0.047103:0.046862:0.047115:0.048036
