atax:0.016060:0.017477:0.017388:0.015313:0.015879
bicg:0.008015:0.007548:0.008219:0.008322:0.007983
gemver:0.017479:0.017854:0.015919:0.017795:0.016176
gesummv:0.003679:0.003751:0.003666:0.003711:0.003735
mvt:0.008482:0.008385:0.008300:0.008333:0.008491
2mm:1.787804:1.783198:1.759352:1.787546:1.786361
3mm:2.706899:2.697058:2.686717:2.707075:2.701565
gemm:1.269062:1.265960:1.270282:1.265730:1.272385
conv2d-nchw:6.296737:6.279407:6.290649:6.295188:6.285356
ab-acd-dbc:0.326202:0.321806:0.324921:0.324401:0.322986
ab-cad-dcb:0.321293:0.320692:0.318939:0.319034:0.321533
abc-acd-db:2.680043:2.683003:2.680411:2.680708:2.685321
abc-ad-bdc:0.323471:0.323825:0.322391:0.321737:0.336174
abc-bda-dc:0.322287:0.323890:0.321734:0.319518:0.320363
abcd-aebf-dfce:0.323112:0.323476:0.336731:0.323848:0.328278
abcd-aebf-fdec:0.323632:0.324222:0.324810:0.321804:0.322250
