atax:0.011225:0.011355:0.011433:0.011398:0.011315
bicg:0.010691:0.010737:0.010959:0.010911:0.010892
gemver:0.015580:0.015844:0.015490:0.016337:0.015655
gesummv:0.004467:0.004383:0.004396:0.004332:0.004424
mvt:0.015848:0.015530:0.015477:0.015430:0.015511
2mm:1.264679:1.268237:1.259701:1.260384:1.262008
3mm:2.425229:2.419286:2.423090:2.418152:2.431493
gemm:0.434293:0.432095:0.434734:0.434131:0.438030
conv2d-nchw:6.419003:6.430905:6.421315:6.424682:6.423316
ab-acd-dbc:1.719094:1.718758:1.720258:1.718330:1.718759
ab-cad-dcb:4.315824:4.344343:4.272777:4.438401:4.224115
abc-acd-db:1.547157:1.548309:1.548070:1.549088:1.549378
abc-ad-bdc:1.668068:1.675006:1.667505:1.676574:1.682116
abc-bda-dc:0.400468:0.402031:0.402549:0.400092:0.396291
abcd-aebf-dfce:2.040578:2.048356:2.021619:2.015152:2.017536
abcd-aebf-fdec:3.168978:3.103878:3.080059:3.128342:3.075245
