atax:0.006792:0.006773:0.006869:0.006744:0.006791
bicg:0.013600:0.013525:0.013541:0.013545:0.013492
gemver:0.043760:0.043224:0.043243:0.044655:0.044262
gesummv:0.005764:0.005792:0.005835:0.005793:0.005749
mvt:0.041628:0.041347:0.041414:0.041168:0.041537
2mm:2.582131:2.574853:2.580344:2.587715:2.589330
3mm:4.167295:4.167627:4.183316:4.161884:4.156364
gemm:0.272273:0.271150:0.273854:0.274420:0.272940
conv2d-nchw:6.430317:6.428252:6.432241:6.435565:6.430946
ab-acd-dbc:1.746250:1.750208:1.756298:1.749445:1.750944
ab-cad-dcb:3.967076:3.992180:3.982419:3.979063:3.943021
abc-acd-db:4.186530:4.340933:4.435138:4.377478:4.084085
abc-ad-bdc:1.681401:1.680853:1.679409:1.677581:1.676791
abc-bda-dc:4.166253:4.160473:4.160236:4.187637:4.100077
abcd-aebf-dfce:2.057885:2.003575:2.050443:2.026080:2.000075
abcd-aebf-fdec:3.045714:3.026727:2.916743:3.114502:3.103506
