atax:0.008651:0.010058:0.008954:0.007541:0.009915
bicg:0.002681:0.002684:0.002766:0.002786:0.002772
gemver:0.005632:0.005659:0.005845:0.005681:0.005858
gesummv:0.001781:0.001681:0.001816:0.001676:0.001746
mvt:0.003927:0.003990:0.004053:0.003925:0.003881
2mm:0.903137:0.901901:0.900372:0.894298:0.901621
3mm:1.301307:1.294094:1.311324:1.334189:1.301319
gemm:0.604847:0.603002:0.600278:0.603928:0.594629
conv2d-nchw:3.385152:3.382756:3.382228:3.444351:3.382592
ab-acd-dbc:0.277891:0.270349:0.255233:0.272337:0.254886
ab-cad-dcb:0.162499:0.157766:0.156910:0.155785:0.157551
abc-acd-db:1.460596:1.449095:1.441827:1.449149:1.444641
abc-ad-bdc:0.232749:0.271539:0.242499:0.278485:0.253591
abc-bda-dc:0.157850:0.156878:0.159126:0.157858:0.162154
abcd-aebf-dfce:0.154837:0.163536:0.155691:0.153522:0.156221
abcd-aebf-fdec:0.166774:0.161277:0.153599:0.156194:0.155274
