atax:0.003811:0.003893:0.003801:0.003894:0.003814
bicg:0.007454:0.007525:0.007655:0.007496:0.007495
gemver:0.014647:0.015294:0.015285:0.015260:0.015208
gesummv:0.003207:0.003182:0.003221:0.003205:0.003233
mvt:0.013626:0.014106:0.014157:0.013734:0.014166
2mm:1.352449:1.344951:1.340704:1.344821:1.343539
3mm:2.176980:2.188829:2.183280:2.180639:2.176164
gemm:0.149901:0.144909:0.143283:0.149101:0.142911
conv2d-nchw:3.480805:3.475360:3.483934:3.466157:3.497428
ab-acd-dbc:1.622017:1.519007:1.572148:1.514401:1.585748
ab-cad-dcb:1.954461:1.970475:1.905616:1.957421:1.907285
abc-acd-db:1.344110:1.374278:1.319691:1.365273:1.314291
abc-ad-bdc:0.895562:0.900057:0.913644:0.894476:0.915865
abc-bda-dc:2.017343:1.985523:2.026930:1.988849:2.044839
abcd-aebf-dfce:1.043000:1.008200:1.023251:1.010907:1.029652
abcd-aebf-fdec:1.485683:1.365956:1.491507:1.342542:1.467201
