atax:0.231305:0.004509:0.004520:0.006692:0.004615
bicg:0.004703:0.004536:0.004550:0.007859:0.004730
gemver:0.005457:0.005181:0.007215:0.005433:0.005761
gesummv:0.003953:0.004357:0.004414:0.004026:0.003910
mvt:0.005284:0.006680:0.005224:0.004746:0.007204
2mm:0.037575:0.024444:0.024276:0.024250:0.031529
3mm:0.038636:0.039236:0.038516:0.038486:0.038434
gemm:0.019024:0.019600:0.018847:0.019619:0.019129
conv2d-nchw:0.325:0.325:0.331:0.319:0.329
ab-acd-dbc:0.020150:0.021003:0.020211:0.020478:0.020639
ab-cad-dcb:0.019983:0.020072:0.020074:0.019952:0.020786
abc-acd-db:0.020147:0.020248:0.020023:0.020118:0.020525
abc-ad-bdc:0.019083:0.019725:0.019689:0.019769:0.019815
abc-bda-dc:0.020395:0.021033:0.020304:0.020473:0.020321
abcd-aebf-dfce:0.021639:0.021843:0.021833:0.022357:0.022442
abcd-aebf-fdec:0.022239:0.021523:0.022057:0.022100:0.022349
