atax:0.004167:0.004039:0.004052:0.004391:0.003984
bicg:0.004661:0.004364:0.004239:0.004739:0.004115
gemver:0.008914:0.007753:0.009052:0.008849:0.008075
gesummv:0.002294:0.002366:0.002038:0.002114:0.002248
mvt:0.007679:0.009576:0.010719:0.010568:0.010579
2mm:0.699397:0.702435:0.708250:0.695407:0.703063
3mm:1.288645:1.284727:1.285645:1.298965:1.281145
gemm:0.240787:0.237934:0.234054:0.241784:0.235051
conv2d-nchw:3.459898:3.462509:3.476268:3.478354:3.474581
ab-acd-dbc:1.586654:1.529168:1.587241:1.529861:1.522565
ab-cad-dcb:1.956667:1.909253:1.962376:1.916551:1.916261
abc-acd-db:0.829827:0.836059:0.838700:0.840103:0.833082
abc-ad-bdc:0.909482:0.906322:0.900556:0.904964:0.893821
abc-bda-dc:0.216360:0.220917:0.215207:0.214315:0.217946
abcd-aebf-dfce:1.031625:1.022565:1.032428:1.017750:1.023245
abcd-aebf-fdec:1.608858:1.551459:1.386145:1.495178:1.366585
