atax:0.013859:0.013071:0.013076:0.013040:0.007029
bicg:0.006856:0.006952:0.006945:0.007047:0.006957
gemver:0.013728:0.013632:0.013338:0.012735:0.014638
gesummv:0.002809:0.002877:0.002798:0.002813:0.002797
mvt:0.006362:0.006400:0.006405:0.006479:0.006531
2mm:1.272773:1.278074:1.270747:1.274498:1.263088
3mm:1.923020:1.947714:1.930789:1.934455:1.937798
gemm:0.904090:0.902804:0.900005:0.908957:0.900143
conv2d-nchw:4.455960:4.456627:4.455543:4.457245:4.461827
ab-acd-dbc:0.243879:0.245648:0.245423:0.241566:0.245708
ab-cad-dcb:0.238185:0.239767:0.240578:0.240167:0.241612
abc-acd-db:1.909576:1.913107:1.911757:1.904531:1.907538
abc-ad-bdc:0.243699:0.241564:0.243326:0.243796:0.241805
abc-bda-dc:0.241262:0.239004:0.241532:0.240825:0.243401
abcd-aebf-dfce:0.241364:0.242637:0.242817:0.243206:0.239857
abcd-aebf-fdec:0.241916:0.242816:0.242018:0.242926:0.243456
