atax:0.004974:0.005004:0.004950:0.004918:0.004940
bicg:0.009635:0.009673:0.009624:0.009671:0.009613
gemver:0.029460:0.029283:0.029219:0.029455:0.029086
gesummv:0.004133:0.004138:0.004169:0.004132:0.004127
mvt:0.027915:0.027645:0.027331:0.027525:0.027969
2mm:1.908877:1.912263:1.917958:1.902144:1.909062
3mm:3.091310:3.093070:3.081677:3.102126:3.093238
gemm:0.241271:0.215163:0.216016:0.211655:0.218203
conv2d-nchw:4.563732:4.572018:4.559891:4.570381:4.564205
ab-acd-dbc:1.259200:1.261051:1.262716:1.260728:1.265138
ab-cad-dcb:3.162811:3.096409:3.189113:3.139654:3.191594
abc-acd-db:4.100697:3.963963:3.855889:3.920635:3.984001
abc-ad-bdc:1.215666:1.220694:1.208054:1.216462:1.216766
abc-bda-dc:3.303014:3.322673:3.331317:3.361561:3.378843
abcd-aebf-dfce:1.519777:1.510163:1.470216:1.509178:1.539796
abcd-aebf-fdec:3.043590:2.819133:2.621969:2.909926:2.825855
