atax:0.005747:0.005070:0.004924:0.005097:0.005014
bicg:0.009313:0.005152:0.005321:0.005091:0.005226
gemver:0.006527:0.006494:0.006297:0.006339:0.006621
gesummv:0.003750:0.003697:0.003778:0.003821:0.003697
mvt:0.004945:0.004840:0.005179:0.004859:0.004980
2mm:0.064330:0.064185:0.064556:0.064767:0.064273
3mm:0.084789:0.083708:0.083332:0.083078:0.083669
gemm:0.024931:0.024939:0.025386:0.025231:0.024448
conv2d-nchw:0.248:0.249:0.247:0.248:0.244
ab-acd-dbc:0.030982:0.031273:0.031730:0.031462:0.031283
ab-cad-dcb:0.030101:0.030480:0.030346:0.030335:0.030733
abc-acd-db:0.029943:0.030368:0.030683:0.030500:0.030692
abc-ad-bdc:0.029597:0.029638:0.029160:0.029286:0.028728
abc-bda-dc:0.033027:0.032606:0.033326:0.033232:0.033062
abcd-aebf-dfce:0.035626:0.035551:0.035150:0.035432:0.035691
abcd-aebf-fdec:0.034576:0.035436:0.035477:0.036720:0.035445
