atax:0.009031:0.009070:0.009004:0.009118:0.008985
bicg:0.009020:0.008887:0.008787:0.008864:0.008854
gemver:0.011601:0.011586:0.011631:0.011597:0.011565
gesummv:0.003359:0.003464:0.003322:0.003340:0.003373
mvt:0.011639:0.011602:0.011791:0.011526:0.011473
2mm:0.910362:0.910808:0.909278:0.926503:0.913082
3mm:1.803286:1.801524:1.794933:1.806118:1.820536
gemm:0.307300:0.307254:0.307507:0.307148:0.308465
conv2d-nchw:4.554439:4.554756:4.552386:4.549429:4.554390
ab-acd-dbc:1.222880:1.223106:1.224344:1.218037:1.221661
ab-cad-dcb:3.601552:3.605835:3.671308:3.764688:3.708717
abc-acd-db:1.100351:1.100088:1.101350:1.103616:1.102011
abc-ad-bdc:1.215907:1.222153:1.221457:1.208231:1.216526
abc-bda-dc:0.288541:0.291184:0.291519:0.290458:0.290240
abcd-aebf-dfce:1.538489:1.468728:1.503092:1.518199:1.508936
abcd-aebf-fdec:2.585142:2.799537:2.720039:2.838270:2.972510
